0.01000 142.000 140.00000
0.01500 47.3000 45.700000
0.02000 21.8000 20.600000
0.03000 7.25000 6.5000000
0.03322 5.53000 4.8700000
0.03323 31.0000 30.300000
0.04000 18.8000 18.300000
0.05000 10.4000 10.000000
0.06000 6.41000 6.0700000
0.08000 2.98000 2.7400000
0.10000 1.67000 1.4600000
0.15000 0.62000 0.4700000
0.20000 0.33300 0.2090000
0.30000 0.16700 0.0671000
0.40000 0.11800 0.0316000
0.50000 0.09550 0.0177000
0.60000 0.08260 0.0113000
0.80000 0.06750 0.0057500
1.00000 0.05850 0.0036200
1.50000 0.04690 0.0017000
2.00000 0.04130 0.0010400
3.00000 0.03660 0.0005630
4.00000 0.03530 0.0003680
5.00000 0.03480 0.0002740
6.00000 0.03490 0.0002170
8.00000 0.03550 0.0001520
10.0000 0.03670 0.0001170
15.0000 0.04020 0.0000735
20.0000 0.04340 0.0000530