0.000000000000000000e+00 0.000000000000000000e+00 5.000000000000000000e-01 1.000000000000000000e+00
1.000000000000000021e-03 8.647130413612253708e-72 8.647359998977211237e-72 8.647543148645651317e-72
1.500000000000000031e-03 9.961662863291954671e-25 9.961792444711415556e-25 9.961889282929417185e-25
1.559599999999999962e-03 2.688934693833104871e-22 2.688968612227661594e-22 2.688991658418914819e-22
1.559999999999999972e-03 2.469200270195457103e-237 2.469417502158268200e-237 2.469590692526915010e-237
2.000000000000000042e-03 3.035765821125153806e-136 3.035918898829389600e-136 3.036040946515324191e-136
3.000000000000000062e-03 5.570451015309350782e-48 5.570550922220611866e-48 5.570631974991323802e-48
4.000000000000000083e-03 3.362665914712215265e-22 3.362708256182362108e-22 3.362736887767454684e-22
5.000000000000000104e-03 5.387335994272879781e-12 5.387346998534014968e-12 5.387329385923711495e-12
6.000000000000000125e-03 3.862235557083197135e-07 3.862203688416786253e-07 3.862171176043387884e-07
8.000000000000000167e-03 5.792136128085790918e-03 5.792099234164326156e-03 5.792062446337195233e-03
1.000000000000000021e-02 2.586767682563954618e-01 2.586764121034472175e-01 2.585248262786228324e-01
1.499999999999999944e-02 6.503388874470328318e+00 6.493402554773306967e+00 6.251293110884968307e+00
2.000000000000000042e-02 1.714948286560746382e+01 1.683284882070330113e+01 1.508196413096624866e+01
2.999999999999999889e-02 3.171591374568269828e+01 2.922977257872161871e+01 2.414586754845510796e+01
3.321999999999999953e-02 3.358170099115631757e+01 3.056856627602548926e+01 2.501235425679913504e+01
3.323000000000000259e-02 3.358779438778359605e+01 3.062562413460531729e+01 2.517154647095609121e+01
4.000000000000000083e-02 3.824977430159775338e+01 3.375906214567157093e+01 2.724743187139675626e+01
5.000000000000000278e-02 4.129557649573120415e+01 3.556291120416163665e+01 2.838139943396505060e+01
5.999999999999999778e-02 4.285770369586541051e+01 3.638113703880732430e+01 2.884327930173471444e+01
8.000000000000000167e-02 4.428914312184581803e+01 3.693621657651971191e+01 2.899961601742623785e+01
1.000000000000000056e-01 4.491283088232064813e+01 3.687128334015405784e+01 2.864198020289724766e+01
1.499999999999999944e-01 4.506956147290295434e+01 3.469925268225754422e+01 2.604363590327999844e+01
2.000000000000000111e-01 4.091585072031569581e+01 2.928206191246135859e+01 2.144751327508760141e+01
2.999999999999999889e-01 2.481925592817950488e+01 1.675991884629657136e+01 1.213444289361336104e+01
4.000000000000000222e-01 1.437942468038920474e+01 9.574232730094205834e+00 6.925004370055500402e+00
5.000000000000000000e-01 8.801757829266682265e+00 5.828181713488234550e+00 4.215026362356684153e+00
5.999999999999999778e-01 5.866385494692805125e+00 3.873627944340515938e+00 2.801336992712919471e+00
8.000000000000000444e-01 3.105180929455257921e+00 2.044299376256561995e+00 1.478232516166678057e+00
1.000000000000000000e+00 1.987389662771986698e+00 1.306273566218883575e+00 9.444450165681035347e-01
1.250000000000000000e+00 1.473076042517639017e+00 9.670059459524044110e-01 6.990432305354277176e-01
1.500000000000000000e+00 9.491116142711012449e-01 6.224202970488326159e-01 4.498964789664195441e-01
2.000000000000000000e+00 5.846243384732960902e-01 3.829165141239095349e-01 2.767305434212399273e-01
3.000000000000000000e+00 3.183959539354825341e-01 2.082577771081998985e-01 1.504742404690438962e-01
4.000000000000000000e+00 2.087186476570857541e-01 1.364176257570592909e-01 9.855507256917939163e-02
5.000000000000000000e+00 1.556559059498095199e-01 1.016893441672984261e-01 7.345999107056927491e-02
6.000000000000000000e+00 1.234036950130150551e-01 8.059435453374229341e-02 5.821806400867764880e-02
8.000000000000000000e+00 8.654619128453157340e-02 5.650199524378647642e-02 4.081220015385236127e-02
1.000000000000000000e+01 6.666249707122133550e-02 4.351205596871701026e-02 3.142831719301032029e-02
1.500000000000000000e+01 4.190881526017327385e-02 2.734902371416558439e-02 1.975323850303354126e-02
2.000000000000000000e+01 3.022707927920558965e-02 1.972474695349787921e-02 1.424639045381890720e-02
