0.000000000000000000e+00 0.000000000000000000e+00 5.000000000000000000e-01 1.000000000000000000e+00
1.000000000000000021e-03 0.000000000000000000e+00 0.000000000000000000e+00 0.000000000000000000e+00
1.500000000000000031e-03 0.000000000000000000e+00 0.000000000000000000e+00 0.000000000000000000e+00
1.559599999999999962e-03 0.000000000000000000e+00 0.000000000000000000e+00 0.000000000000000000e+00
1.559999999999999972e-03 0.000000000000000000e+00 0.000000000000000000e+00 0.000000000000000000e+00
2.000000000000000042e-03 0.000000000000000000e+00 0.000000000000000000e+00 0.000000000000000000e+00
3.000000000000000062e-03 0.000000000000000000e+00 0.000000000000000000e+00 0.000000000000000000e+00
4.000000000000000083e-03 0.000000000000000000e+00 0.000000000000000000e+00 0.000000000000000000e+00
5.000000000000000104e-03 0.000000000000000000e+00 0.000000000000000000e+00 0.000000000000000000e+00
6.000000000000000125e-03 0.000000000000000000e+00 0.000000000000000000e+00 0.000000000000000000e+00
8.000000000000000167e-03 5.000000000000000104e-03 5.000000000000000104e-03 5.000000000000000104e-03
1.000000000000000021e-02 2.550000000000000044e-01 2.899999999999999800e-01 1.950000000000000067e-01
1.499999999999999944e-02 6.440000000000000391e+00 6.450000000000000178e+00 6.304999999999999716e+00
2.000000000000000042e-02 1.708999999999999986e+01 1.679500000000000171e+01 1.527999999999999936e+01
2.999999999999999889e-02 3.154500000000000171e+01 2.881500000000000128e+01 2.392500000000000071e+01
3.321999999999999953e-02 3.346500000000000341e+01 3.011499999999999844e+01 2.457000000000000028e+01
3.323000000000000259e-02 3.351500000000000057e+01 3.057499999999999929e+01 2.489000000000000057e+01
4.000000000000000083e-02 3.837500000000000000e+01 3.371000000000000085e+01 2.700000000000000000e+01
5.000000000000000278e-02 4.101500000000000057e+01 3.521999999999999886e+01 2.831500000000000128e+01
5.999999999999999778e-02 4.287500000000000000e+01 3.632999999999999829e+01 2.821499999999999986e+01
8.000000000000000167e-02 4.346000000000000085e+01 3.561500000000000199e+01 2.792000000000000171e+01
1.000000000000000056e-01 4.242499999999999716e+01 3.482500000000000284e+01 2.751999999999999957e+01
1.499999999999999944e-01 3.703000000000000114e+01 2.958500000000000085e+01 2.312000000000000099e+01
2.000000000000000111e-01 3.012000000000000099e+01 2.329500000000000171e+01 1.828000000000000114e+01
2.999999999999999889e-01 1.612999999999999901e+01 1.276999999999999957e+01 9.865000000000000213e+00
4.000000000000000222e-01 8.900000000000000355e+00 6.950000000000000178e+00 5.735000000000000320e+00
5.000000000000000000e-01 5.370000000000000107e+00 4.584999999999999964e+00 3.384999999999999787e+00
5.999999999999999778e-01 3.515000000000000124e+00 3.060000000000000053e+00 2.290000000000000036e+00
8.000000000000000444e-01 1.814999999999999947e+00 1.570000000000000062e+00 1.199999999999999956e+00
1.000000000000000000e+00 1.149999999999999911e+00 1.040000000000000036e+00 8.249999999999999556e-01
1.250000000000000000e+00 9.100000000000000311e-01 7.550000000000000044e-01 5.450000000000000400e-01
1.500000000000000000e+00 5.799999999999999600e-01 4.699999999999999734e-01 3.699999999999999956e-01
2.000000000000000000e+00 3.549999999999999822e-01 2.800000000000000266e-01 2.899999999999999800e-01
3.000000000000000000e+00 1.749999999999999889e-01 1.199999999999999956e-01 9.500000000000000111e-02
4.000000000000000000e+00 1.300000000000000044e-01 8.000000000000000167e-02 8.000000000000000167e-02
5.000000000000000000e+00 5.500000000000000028e-02 7.499999999999999722e-02 8.500000000000000611e-02
6.000000000000000000e+00 8.999999999999999667e-02 8.000000000000000167e-02 5.500000000000000028e-02
8.000000000000000000e+00 6.500000000000000222e-02 2.999999999999999889e-02 5.999999999999999778e-02
1.000000000000000000e+01 2.000000000000000042e-02 4.000000000000000083e-02 4.000000000000000083e-02
1.500000000000000000e+01 6.500000000000000222e-02 5.000000000000000104e-03 2.000000000000000042e-02
2.000000000000000000e+01 2.999999999999999889e-02 1.499999999999999944e-02 0.000000000000000000e+00
