0.000000000000000000e+00 0.000000000000000000e+00 5.000000000000000000e-01 1.000000000000000000e+00
1.000000000000000021e-03 0.000000000000000000e+00 0.000000000000000000e+00 0.000000000000000000e+00
1.500000000000000031e-03 0.000000000000000000e+00 0.000000000000000000e+00 0.000000000000000000e+00
1.559599999999999962e-03 0.000000000000000000e+00 0.000000000000000000e+00 0.000000000000000000e+00
1.559999999999999972e-03 0.000000000000000000e+00 0.000000000000000000e+00 0.000000000000000000e+00
2.000000000000000042e-03 0.000000000000000000e+00 0.000000000000000000e+00 0.000000000000000000e+00
3.000000000000000062e-03 0.000000000000000000e+00 0.000000000000000000e+00 0.000000000000000000e+00
4.000000000000000083e-03 0.000000000000000000e+00 0.000000000000000000e+00 0.000000000000000000e+00
5.000000000000000104e-03 0.000000000000000000e+00 0.000000000000000000e+00 0.000000000000000000e+00
6.000000000000000125e-03 0.000000000000000000e+00 0.000000000000000000e+00 0.000000000000000000e+00
8.000000000000000167e-03 0.000000000000000000e+00 0.000000000000000000e+00 5.000000000000000104e-03
1.000000000000000021e-02 2.099999999999999922e-01 1.849999999999999978e-01 2.550000000000000044e-01
1.499999999999999944e-02 6.554999999999999716e+00 6.644999999999999574e+00 6.339999999999999858e+00
2.000000000000000042e-02 1.692000000000000171e+01 1.710500000000000043e+01 1.491000000000000014e+01
2.999999999999999889e-02 3.176999999999999957e+01 2.908999999999999986e+01 2.412500000000000000e+01
3.321999999999999953e-02 3.361500000000000199e+01 3.042500000000000071e+01 2.473000000000000043e+01
3.323000000000000259e-02 3.344500000000000028e+01 3.051000000000000156e+01 2.512999999999999901e+01
4.000000000000000083e-02 3.796500000000000341e+01 3.370000000000000284e+01 2.748999999999999844e+01
5.000000000000000278e-02 4.119500000000000028e+01 3.521000000000000085e+01 2.842500000000000071e+01
5.999999999999999778e-02 4.261999999999999744e+01 3.540500000000000114e+01 2.810000000000000142e+01
8.000000000000000167e-02 4.314000000000000057e+01 3.580499999999999972e+01 2.837999999999999901e+01
1.000000000000000056e-01 4.235999999999999943e+01 3.496000000000000085e+01 2.714999999999999858e+01
1.499999999999999944e-01 3.737500000000000000e+01 2.980000000000000071e+01 2.332499999999999929e+01
2.000000000000000111e-01 2.933500000000000085e+01 2.362000000000000099e+01 1.855000000000000071e+01
2.999999999999999889e-01 1.608500000000000085e+01 1.264499999999999957e+01 1.031499999999999950e+01
4.000000000000000222e-01 9.414999999999999147e+00 7.379999999999999893e+00 5.695000000000000284e+00
5.000000000000000000e-01 5.650000000000000355e+00 4.235000000000000320e+00 3.395000000000000018e+00
5.999999999999999778e-01 3.629999999999999893e+00 3.000000000000000000e+00 2.370000000000000107e+00
8.000000000000000444e-01 1.895000000000000018e+00 1.594999999999999973e+00 1.245000000000000107e+00
1.000000000000000000e+00 1.290000000000000036e+00 9.100000000000000311e-01 7.600000000000000089e-01
1.250000000000000000e+00 9.050000000000000266e-01 7.700000000000000178e-01 6.049999999999999822e-01
1.500000000000000000e+00 6.199999999999999956e-01 5.250000000000000222e-01 3.350000000000000200e-01
2.000000000000000000e+00 3.200000000000000067e-01 3.300000000000000155e-01 2.349999999999999867e-01
3.000000000000000000e+00 2.149999999999999967e-01 1.499999999999999944e-01 1.499999999999999944e-01
4.000000000000000000e+00 1.449999999999999900e-01 1.150000000000000050e-01 7.499999999999999722e-02
5.000000000000000000e+00 8.999999999999999667e-02 1.499999999999999944e-01 5.500000000000000028e-02
6.000000000000000000e+00 5.999999999999999778e-02 4.499999999999999833e-02 5.999999999999999778e-02
8.000000000000000000e+00 8.000000000000000167e-02 4.000000000000000083e-02 4.499999999999999833e-02
1.000000000000000000e+01 3.500000000000000333e-02 2.999999999999999889e-02 4.000000000000000083e-02
1.500000000000000000e+01 4.000000000000000083e-02 2.000000000000000042e-02 1.000000000000000021e-02
2.000000000000000000e+01 2.500000000000000139e-02 5.000000000000000104e-03 1.499999999999999944e-02
