0.000000000000000000e+00 0.000000000000000000e+00 5.000000000000000000e-01 1.000000000000000000e+00
1.000000000000000021e-03 0.000000000000000000e+00 0.000000000000000000e+00 0.000000000000000000e+00
1.500000000000000031e-03 0.000000000000000000e+00 0.000000000000000000e+00 0.000000000000000000e+00
1.559599999999999962e-03 0.000000000000000000e+00 0.000000000000000000e+00 0.000000000000000000e+00
1.559999999999999972e-03 0.000000000000000000e+00 0.000000000000000000e+00 0.000000000000000000e+00
2.000000000000000042e-03 0.000000000000000000e+00 0.000000000000000000e+00 0.000000000000000000e+00
3.000000000000000062e-03 0.000000000000000000e+00 0.000000000000000000e+00 0.000000000000000000e+00
4.000000000000000083e-03 0.000000000000000000e+00 0.000000000000000000e+00 0.000000000000000000e+00
5.000000000000000104e-03 0.000000000000000000e+00 0.000000000000000000e+00 0.000000000000000000e+00
6.000000000000000125e-03 0.000000000000000000e+00 0.000000000000000000e+00 0.000000000000000000e+00
8.000000000000000167e-03 1.499999999999999944e-02 5.000000000000000104e-03 1.499999999999999944e-02
1.000000000000000021e-02 2.650000000000000133e-01 2.449999999999999956e-01 3.150000000000000022e-01
1.499999999999999944e-02 6.650000000000000355e+00 6.759999999999999787e+00 6.360000000000000320e+00
2.000000000000000042e-02 1.748999999999999844e+01 1.674500000000000099e+01 1.484500000000000064e+01
2.999999999999999889e-02 3.149500000000000099e+01 2.896499999999999986e+01 2.407000000000000028e+01
3.321999999999999953e-02 3.371500000000000341e+01 3.005000000000000071e+01 2.446000000000000085e+01
3.323000000000000259e-02 3.352499999999999858e+01 3.061499999999999844e+01 2.546999999999999886e+01
4.000000000000000083e-02 3.808500000000000085e+01 3.378499999999999659e+01 2.716000000000000014e+01
5.000000000000000278e-02 4.129999999999999716e+01 3.492000000000000171e+01 2.850000000000000000e+01
5.999999999999999778e-02 4.234499999999999886e+01 3.609000000000000341e+01 2.864000000000000057e+01
8.000000000000000167e-02 4.329500000000000171e+01 3.574499999999999744e+01 2.869999999999999929e+01
1.000000000000000056e-01 4.234499999999999886e+01 3.502499999999999858e+01 2.688500000000000156e+01
1.499999999999999944e-01 3.703999999999999915e+01 2.928999999999999915e+01 2.310000000000000142e+01
2.000000000000000111e-01 2.967999999999999972e+01 2.346999999999999886e+01 1.823999999999999844e+01
2.999999999999999889e-01 1.603999999999999915e+01 1.268500000000000050e+01 1.055000000000000071e+01
4.000000000000000222e-01 8.994999999999999218e+00 6.915000000000000036e+00 5.754999999999999893e+00
5.000000000000000000e-01 5.504999999999999893e+00 4.424999999999999822e+00 3.390000000000000124e+00
5.999999999999999778e-01 3.654999999999999805e+00 2.830000000000000071e+00 2.120000000000000107e+00
8.000000000000000444e-01 2.120000000000000107e+00 1.594999999999999973e+00 1.280000000000000027e+00
1.000000000000000000e+00 1.300000000000000044e+00 9.000000000000000222e-01 7.900000000000000355e-01
1.250000000000000000e+00 9.000000000000000222e-01 7.800000000000000266e-01 6.550000000000000266e-01
1.500000000000000000e+00 5.999999999999999778e-01 5.150000000000000133e-01 3.900000000000000133e-01
2.000000000000000000e+00 4.149999999999999800e-01 2.849999999999999756e-01 2.200000000000000011e-01
3.000000000000000000e+00 2.000000000000000111e-01 1.600000000000000033e-01 1.100000000000000006e-01
4.000000000000000000e+00 1.250000000000000000e-01 8.000000000000000167e-02 8.000000000000000167e-02
5.000000000000000000e+00 9.500000000000000111e-02 8.999999999999999667e-02 4.499999999999999833e-02
6.000000000000000000e+00 6.500000000000000222e-02 4.499999999999999833e-02 8.000000000000000167e-02
8.000000000000000000e+00 5.500000000000000028e-02 3.500000000000000333e-02 4.000000000000000083e-02
1.000000000000000000e+01 4.000000000000000083e-02 2.000000000000000042e-02 1.499999999999999944e-02
1.500000000000000000e+01 3.500000000000000333e-02 2.999999999999999889e-02 1.000000000000000021e-02
2.000000000000000000e+01 2.000000000000000042e-02 1.499999999999999944e-02 1.000000000000000021e-02
