0.000000000000000000e+00 0.000000000000000000e+00 5.000000000000000000e-01 1.000000000000000000e+00
1.000000000000000021e-03 8.648658943261324095e-72 8.648658943270795802e-72 8.648658943275393415e-72
1.500000000000000031e-03 9.962214062449035380e-25 9.962214062406568810e-25 9.962214062409459792e-25
1.559599999999999962e-03 2.689059034378479973e-22 2.689059034382813315e-22 2.689059034381980125e-22
1.559999999999999972e-03 2.470646446204280282e-237 2.470646422704979447e-237 2.470646388044749880e-237
2.000000000000000042e-03 3.036784990312287705e-136 3.036784991166207336e-136 3.036784991191251322e-136
3.000000000000000062e-03 5.571109408480527226e-48 5.571109408497217548e-48 5.571109408495317826e-48
4.000000000000000083e-03 3.362820104726706232e-22 3.362820104733064245e-22 3.362820104732003479e-22
5.000000000000000104e-03 5.387302400040431328e-12 5.387302400025769875e-12 5.387302400024258493e-12
6.000000000000000125e-03 3.862146508324005014e-07 3.862146508335763420e-07 3.862146508330106298e-07
8.000000000000000167e-03 5.792100563443740996e-03 5.792100563086506788e-03 5.792086651968723909e-03
1.000000000000000021e-02 2.586783105350623502e-01 2.586782866768416733e-01 2.585385719602047994e-01
1.499999999999999944e-02 6.503453000524491046e+00 6.494522095267105222e+00 6.259442515914188654e+00
2.000000000000000042e-02 1.714962624234742350e+01 1.685177999119196102e+01 1.511311503585028859e+01
2.999999999999999889e-02 3.171625793348402667e+01 2.926903003292305883e+01 2.416470032490090603e+01
3.321999999999999953e-02 3.358242687282066186e+01 3.059915036430591684e+01 2.502690274916804114e+01
3.323000000000000259e-02 3.358852236937133284e+01 3.072227182247617705e+01 2.526389538369311794e+01
4.000000000000000083e-02 3.825561616766733408e+01 3.387618142844225133e+01 2.732695797540126037e+01
5.000000000000000278e-02 4.131592215943913970e+01 3.566240527622638012e+01 2.842450402153902189e+01
5.999999999999999778e-02 4.289388057247017372e+01 3.644383555307149436e+01 2.886684798640645155e+01
8.000000000000000167e-02 4.434725010934222666e+01 3.696089855933525570e+01 2.901027830358716741e+01
1.000000000000000056e-01 4.497423696821904571e+01 3.688448566385245897e+01 2.864780701416902531e+01
1.499999999999999944e-01 4.509905435778256333e+01 3.470373770596710017e+01 2.604563363315048363e+01
2.000000000000000111e-01 4.092951344563945071e+01 2.928417208263083182e+01 2.144847342518958300e+01
2.999999999999999889e-01 2.482400101512234869e+01 1.676061289605549121e+01 1.213475341887019532e+01
4.000000000000000222e-01 1.438180327703938133e+01 9.574545577107546279e+00 6.925136773431378678e+00
5.000000000000000000e-01 8.803158136625041763e+00 5.828350570870457048e+00 4.215094609992601882e+00
5.999999999999999778e-01 5.867317318599391207e+00 3.873733373691439663e+00 2.801378328251118432e+00
8.000000000000000444e-01 3.105687222368171962e+00 2.044351905508777545e+00 1.478252426312238743e+00
1.000000000000000000e+00 1.987724549268839791e+00 1.306306402561375091e+00 9.444572669060511405e-01
1.250000000000000000e+00 1.473334056061589070e+00 9.670300471794627262e-01 6.990521462438453737e-01
1.500000000000000000e+00 9.492824738376166582e-01 6.224356637556572869e-01 4.499021164954520313e-01
2.000000000000000000e+00 5.847342478072078409e-01 3.829259213367175452e-01 2.767339711862552565e-01
3.000000000000000000e+00 3.184590082755262008e-01 2.082628822597611951e-01 1.504760899252962081e-01
4.000000000000000000e+00 2.087612176498040983e-01 1.364209687106824331e-01 9.855628036750879728e-02
5.000000000000000000e+00 1.556882461704452714e-01 1.016918364180102036e-01 7.346089019306396850e-02
6.000000000000000000e+00 1.234296555355327285e-01 8.059633010051808766e-02 5.821877606094675445e-02
8.000000000000000000e+00 8.656467376288612403e-02 5.650338058325322932e-02 4.081269892143221667e-02
1.000000000000000000e+01 6.667685061010847347e-02 4.351312296316998257e-02 3.142870111641711539e-02
1.500000000000000000e+01 4.191791531881398220e-02 2.734969439549243819e-02 1.975347966280084286e-02
2.000000000000000000e+01 3.023365438505034794e-02 1.972523060251471852e-02 1.424656432057134180e-02
