0.000000000000000000e+00 0.000000000000000000e+00 5.000000000000000000e-01 1.000000000000000000e+00
1.000000000000000021e-03 8.647103905949977222e-72 8.647339020872672394e-72 8.647526296749176497e-72
1.500000000000000031e-03 9.961648279917443811e-25 9.961780627495067378e-25 9.961881107270408099e-25
1.559599999999999962e-03 2.688930754563114806e-22 2.688965630602186550e-22 2.688989834339337095e-22
1.559999999999999972e-03 2.469175185976962263e-237 2.469397655931075948e-237 2.469574766265708676e-237
2.000000000000000042e-03 3.035748145374508839e-136 3.035904913423675775e-136 3.036029723055904124e-136
3.000000000000000062e-03 5.570439544538718139e-48 5.570541733592000218e-48 5.570624445877509514e-48
4.000000000000000083e-03 3.362660988930859367e-22 3.362704541153810735e-22 3.362734629136492185e-22
5.000000000000000104e-03 5.387332469707082137e-12 5.387347553977639198e-12 5.387331861307958513e-12
6.000000000000000125e-03 3.862238109790572500e-07 3.862207190578691729e-07 3.862174181114340441e-07
8.000000000000000167e-03 5.792140789723585446e-03 5.792102209350920641e-03 5.792073116547299602e-03
1.000000000000000021e-02 2.586768309566571111e-01 2.586764508668066287e-01 2.585825741467869254e-01
1.499999999999999944e-02 6.503387722834275131e+00 6.498141237148778337e+00 6.295367634982544480e+00
2.000000000000000042e-02 1.714947932535482522e+01 1.692778017267059809e+01 1.530967259463115226e+01
2.999999999999999889e-02 3.171609486908155873e+01 2.967761228493814940e+01 2.467874871102637613e+01
3.321999999999999953e-02 3.358234071809011567e+01 3.107746472294707374e+01 2.558332019797254375e+01
3.323000000000000259e-02 3.358843660673512233e+01 3.112368045901882496e+01 2.573430962262817090e+01
4.000000000000000083e-02 3.825892144424216923e+01 3.440012461763694773e+01 2.789431055979381568e+01
5.000000000000000278e-02 4.133485073679654676e+01 3.629840690441676543e+01 2.907977625127596255e+01
5.999999999999999778e-02 4.293602995268738454e+01 3.716866287022521220e+01 2.956800885656727473e+01
8.000000000000000167e-02 4.443397482397819687e+01 3.778453248402535536e+01 2.975187316327398435e+01
1.000000000000000056e-01 4.510576145661672598e+01 3.776822655400295048e+01 2.941109928637115090e+01
1.499999999999999944e-01 4.557790776327500737e+01 3.571526920635173497e+01 2.681161046913675960e+01
2.000000000000000111e-01 4.209147584694817823e+01 3.026429526018765159e+01 2.211256910421209199e+01
2.999999999999999889e-01 2.602983944491606394e+01 1.736737787605749261e+01 1.251497636284075732e+01
4.000000000000000222e-01 1.517156488044482465e+01 9.926066226826225858e+00 7.141326136193364427e+00
5.000000000000000000e-01 9.312025534000611060e+00 6.043344805060318237e+00 4.346371313965291527e+00
5.999999999999999778e-01 6.216126989964094740e+00 4.016948261163872935e+00 2.888524563253789257e+00
8.000000000000000444e-01 3.296418388118500076e+00 2.120112021379286560e+00 1.524198310055199901e+00
1.000000000000000000e+00 2.112223222710060799e+00 1.354780282463075469e+00 9.738075752772501481e-01
1.250000000000000000e+00 1.567164068753167161e+00 1.002952795040881195e+00 7.207792654836334689e-01
1.500000000000000000e+00 1.010549135438448154e+00 6.455769277507328319e-01 4.638859122228090048e-01
2.000000000000000000e+00 6.231461509705717994e-01 3.971777498046075716e-01 2.853374884042186310e-01
3.000000000000000000e+00 3.398128481607410323e-01 2.160232494281142390e-01 1.551560202723296089e-01
4.000000000000000000e+00 2.229235746726629663e-01 1.415076349690755353e-01 1.016221466978028815e-01
5.000000000000000000e+00 1.663278708684061413e-01 1.054850874089963975e-01 7.574643048228062170e-02
6.000000000000000000e+00 1.319067769056842809e-01 8.360349088845381305e-02 6.003028012268677577e-02
8.000000000000000000e+00 9.254599353802976658e-02 5.861227672211595519e-02 4.208275961992127834e-02
1.000000000000000000e+01 7.129937954262173527e-02 4.513746341806802731e-02 3.240680399834910963e-02
1.500000000000000000e+01 4.483411704290585914e-02 2.837084133311506412e-02 2.036827509533357602e-02
2.000000000000000000e+01 3.233864698478187971e-02 2.046173562976092222e-02 1.468997079181559584e-02
